epi_week	date	city	newDeaths	deaths	newCases	totalCases
53	2021-01-01	TOTAL	470	195478	22937	7703019
53	2021-01-02	TOTAL	292	195770	15351	7718370
101	2021-01-03	TOTAL	311	196081	17189	7735559
101	2021-01-04	TOTAL	594	196675	25030	7760589
101	2021-01-05	TOTAL	1188	197863	58081	7818670
101	2021-01-06	TOTAL	1230	199093	62481	7881151
101	2021-01-07	TOTAL	1518	200611	87955	7969106
101	2021-01-08	TOTAL	1078	201689	59576	8028682
101	2021-01-09	TOTAL	1008	202697	51388	8080070
102	2021-01-10	TOTAL	489	203186	29027	8109097
102	2021-01-11	TOTAL	491	203677	30739	8139836
102	2021-01-12	TOTAL	1125	204802	64415	8204251
102	2021-01-13	TOTAL	1264	206066	59806	8264057
102	2021-01-14	TOTAL	1154	207220	68317	8332374
102	2021-01-15	TOTAL	1136	208356	69087	8401461
102	2021-01-16	TOTAL	1014	209370	58438	8459899
103	2021-01-17	TOTAL	551	209921	31414	8491313
103	2021-01-18	TOTAL	476	210397	28924	8520237
103	2021-01-19	TOTAL	1160	211557	62137	8582374
103	2021-01-20	TOTAL	1395	212952	64470	8646844
103	2021-01-21	TOTAL	1347	214299	58937	8705781
103	2021-01-22	TOTAL	1071	215370	56591	8762372
103	2021-01-23	TOTAL	1145	216515	58294	8820666
104	2021-01-24	TOTAL	594	217109	28517	8849183
104	2021-01-25	TOTAL	689	217798	30528	8879711
104	2021-01-26	TOTAL	1154	218952	61598	8941309
104	2021-01-27	TOTAL	1336	220288	64761	9006070
104	2021-01-28	TOTAL	1437	221725	60744	9066814
104	2021-01-29	TOTAL	1084	222809	59484	9126298
104	2021-01-30	TOTAL	1192	224001	53110	9179408
105	2021-01-31	TOTAL	568	224569	27898	9207306
105	2021-02-01	TOTAL	622	225191	28479	9235785
105	2021-02-02	TOTAL	1259	226450	56262	9292047
105	2021-02-03	TOTAL	1197	227647	54401	9346448
105	2021-02-04	TOTAL	1276	228923	57100	9403548
105	2021-02-05	TOTAL	1251	230174	51681	9455229
105	2021-02-06	TOTAL	937	231111	46309	9501538
106	2021-02-07	TOTAL	488	231599	26161	9527699
106	2021-02-08	TOTAL	720	232319	28578	9556277
106	2021-02-09	TOTAL	1314	233633	51205	9607482
106	2021-02-10	TOTAL	1361	234994	61094	9668576
106	2021-02-11	TOTAL	1441	236435	53598	9722174
106	2021-02-12	TOTAL	1220	237655	48933	9771107
106	2021-02-13	TOTAL	1025	238680	44852	9815959
107	2021-02-14	TOTAL	653	239333	30720	9846679
107	2021-02-15	TOTAL	610	239943	25801	9872480
107	2021-02-16	TOTAL	1092	241035	65264	9937744
107	2021-02-17	TOTAL	1189	242224	47216	9984960
107	2021-02-18	TOTAL	1438	243662	53466	10038426
107	2021-02-19	TOTAL	1330	244992	52137	10090563
107	2021-02-20	TOTAL	1031	246023	52370	10142933
108	2021-02-21	TOTAL	606	246629	29483	10172416
108	2021-02-22	TOTAL	711	247340	31830	10204246
108	2021-02-23	TOTAL	1358	248698	63564	10267810
108	2021-02-24	TOTAL	1446	250144	65377	10333187
108	2021-02-25	TOTAL	1575	251719	68275	10401462
108	2021-02-26	TOTAL	1343	253062	63384	10464846
108	2021-02-27	TOTAL	1252	254314	58413	10523259
109	2021-02-28	TOTAL	772	255086	33361	10556620
109	2021-03-01	TOTAL	826	255912	40372	10596992
109	2021-03-02	TOTAL	1721	257633	59684	10656676
109	2021-03-03	TOTAL	1846	259479	72893	10729569
109	2021-03-04	TOTAL	1806	261285	75996	10805565
109	2021-03-05	TOTAL	1713	262998	72493	10878058
109	2021-03-06	TOTAL	1489	264487	66901	10944959
110	2021-03-07	TOTAL	1098	265585	81684	11026643
110	2021-03-08	TOTAL	1118	266703	36568	11063211
110	2021-03-09	TOTAL	1949	268652	71285	11134496
110	2021-03-10	TOTAL	2379	271031	81458	11215954
110	2021-03-11	TOTAL	2194	273225	77059	11293013
110	2021-03-12	TOTAL	2122	275347	82464	11375477
110	2021-03-13	TOTAL	1955	277302	70343	11445820
111	2021-03-14	TOTAL	1069	278371	43445	11489265
111	2021-03-15	TOTAL	1332	279703	44299	11533564
111	2021-03-16	TOTAL	2848	282551	85630	11619194
111	2021-03-17	TOTAL	2661	285212	88640	11707834
111	2021-03-18	TOTAL	2723	287935	87918	11795752
111	2021-03-19	TOTAL	2654	290589	88090	11883842
111	2021-03-20	TOTAL	2369	292958	73299	11957141
112	2021-03-21	TOTAL	1246	294204	47441	12004582
112	2021-03-22	TOTAL	1601	295805	55963	12060545
112	2021-03-23	TOTAL	3147	298952	85188	12145733
112	2021-03-24	TOTAL	2316	301268	90892	12236625
112	2021-03-25	TOTAL	2651	303919	98246	12334871
112	2021-03-26	TOTAL	3510	307429	80338	12415209
112	2021-03-27	TOTAL	3406	310835	81692	12496901
113	2021-03-28	TOTAL	1581	312416	46955	12543856
113	2021-03-29	TOTAL	2012	314428	42606	12586462
113	2021-03-30	TOTAL	3653	318081	86426	12672888
113	2021-03-31	TOTAL	3924	322005	88713	12761601
113	2021-04-01	TOTAL	3652	325657	87759	12849360
113	2021-04-02	TOTAL	2801	328458	69371	12918731
113	2021-04-03	TOTAL	1909	330367	39350	12958081
114	2021-04-04	TOTAL	1242	331609	32314	12990395
114	2021-04-05	TOTAL	1909	333518	42665	13033060
114	2021-04-06	TOTAL	4065	337583	85120	13118180
114	2021-04-07	TOTAL	3671	341254	88676	13206856
114	2021-04-08	TOTAL	4146	345400	88538	13295394
114	2021-04-09	TOTAL	3751	349151	88097	13383491
114	2021-04-10	TOTAL	2378	351529	66537	13450028
115	2021-04-11	TOTAL	1857	353386	39173	13489201
115	2021-04-12	TOTAL	1709	355095	39640	13528841
115	2021-04-13	TOTAL	3754	358849	82640	13611481
115	2021-04-14	TOTAL	3444	362293	74584	13686065
115	2021-04-15	TOTAL	3491	365784	71176	13757241
115	2021-04-16	TOTAL	3337	369121	84374	13841615
115	2021-04-17	TOTAL	2877	371998	68555	13910170
116	2021-04-18	TOTAL	1521	373519	38834	13949004
116	2021-04-19	TOTAL	1756	375275	36507	13985511
116	2021-04-20	TOTAL	3345	378620	72628	14058139
116	2021-04-21	TOTAL	3196	381816	73982	14132121
116	2021-04-22	TOTAL	2051	383867	48101	14180222
116	2021-04-23	TOTAL	3042	386909	69277	14249499
116	2021-04-24	TOTAL	2766	389675	63774	14313273
117	2021-04-25	TOTAL	1334	391009	33639	14346912
117	2021-04-26	TOTAL	1380	392389	32387	14379299
117	2021-04-27	TOTAL	3081	395470	75827	14455126
117	2021-04-28	TOTAL	3007	398477	77268	14532394
117	2021-04-29	TOTAL	3032	401509	68603	14600997
117	2021-04-30	TOTAL	2860	404369	72000	14672997
117	2021-05-01	TOTAL	2239	406608	58289	14731286
118	2021-05-02	TOTAL	1265	407873	29287	14760573
118	2021-05-03	TOTAL	1125	408998	38971	14799544
118	2021-05-04	TOTAL	2979	411977	69530	14869074
118	2021-05-05	TOTAL	2770	414747	76366	14945440
118	2021-05-06	TOTAL	2535	417282	72281	15017721
118	2021-05-07	TOTAL	2184	419466	76830	15094551
118	2021-05-08	TOTAL	2080	421546	61749	15156300
119	2021-05-09	TOTAL	922	422468	32720	15189020
119	2021-05-10	TOTAL	1111	423579	36287	15225307
119	2021-05-11	TOTAL	2244	425823	70082	15295389
119	2021-05-12	TOTAL	2581	428404	76237	15371626
119	2021-05-13	TOTAL	2277	430681	80018	15451644
119	2021-05-14	TOTAL	2187	432868	77910	15529554
119	2021-05-15	TOTAL	2001	434869	67348	15596902
120	2021-05-16	TOTAL	1060	435929	37559	15634461
120	2021-05-17	TOTAL	1084	437013	35584	15670045
120	2021-05-18	TOTAL	2451	439464	74799	15744844
120	2021-05-19	TOTAL	2499	441963	80257	15825101
120	2021-05-20	TOTAL	2510	444473	83378	15908479
120	2021-05-21	TOTAL	2126	446599	76621	15985100
120	2021-05-22	TOTAL	1726	448325	67893	16052993
121	2021-05-23	TOTAL	889	449214	38490	16091483
121	2021-05-24	TOTAL	861	450075	37466	16128949
121	2021-05-25	TOTAL	2183	452258	74026	16202975
121	2021-05-26	TOTAL	2463	454721	80231	16283206
121	2021-05-27	TOTAL	2101	456822	64520	16347726
121	2021-05-28	TOTAL	2425	459247	53875	16401601
121	2021-05-29	TOTAL	1939	461186	75861	16477462
122	2021-05-30	TOTAL	913	462099	41447	16518909
122	2021-05-31	TOTAL	965	463064	36599	16555508
122	2021-06-01	TOTAL	2332	465396	78904	16634412
122	2021-06-02	TOTAL	2507	467903	96270	16730682
122	2021-06-03	TOTAL	1913	469816	76061	16806743
122	2021-06-04	TOTAL	1191	471007	43168	16849911
122	2021-06-05	TOTAL	1670	472677	61660	16911571
123	2021-06-06	TOTAL	880	473557	40343	16951914
123	2021-06-07	TOTAL	1149	474706	39701	16991615
123	2021-06-08	TOTAL	2647	477353	55703	17047318
123	2021-06-09	TOTAL	2389	479742	84846	17132164
123	2021-06-10	TOTAL	2501	482243	91231	17223395
123	2021-06-11	TOTAL	2176	484419	86306	17309701
123	2021-06-12	TOTAL	1974	486393	73760	17383461
124	2021-06-13	TOTAL	1119	487512	36982	17420443
124	2021-06-14	TOTAL	1019	488531	42685	17463128
124	2021-06-15	TOTAL	2683	491214	87119	17550247
124	2021-06-16	TOTAL	2700	493914	86519	17636766
124	2021-06-17	TOTAL	2314	496228	76465	17713231
124	2021-06-18	TOTAL	2475	498703	95432	17808663
124	2021-06-19	TOTAL	2205	500908	77930	17886593
125	2021-06-20	TOTAL	1031	501939	44581	17931174
125	2021-06-21	TOTAL	981	502920	45396	17976570
125	2021-06-22	TOTAL	2103	505023	124239	18100809
125	2021-06-23	TOTAL	2265	507288	77384	18178193
125	2021-06-24	TOTAL	2038	509326	76610	18254803
125	2021-06-25	TOTAL	2007	511333	75050	18329853
125	2021-06-26	TOTAL	1516	512849	60662	18390515
126	2021-06-27	TOTAL	720	513569	31978	18422493
126	2021-06-28	TOTAL	714	514283	32049	18454542
126	2021-06-29	TOTAL	1938	516221	65948	18520490
126	2021-06-30	TOTAL	2063	518284	47128	18567618
126	2021-07-01	TOTAL	1932	520216	61119	18628737
126	2021-07-02	TOTAL	1875	522091	63565	18692302
126	2021-07-03	TOTAL	1635	523726	53729	18746031
127	2021-07-04	TOTAL	771	524497	25460	18771491
127	2021-07-05	TOTAL	787	525284	27929	18799420
127	2021-07-06	TOTAL	1757	527041	61672	18861092
127	2021-07-07	TOTAL	1584	528625	54146	18915238
127	2021-07-08	TOTAL	1727	530352	54134	18969372
127	2021-07-09	TOTAL	1472	531824	58440	19027812
127	2021-07-10	TOTAL	1157	532981	44115	19071927
128	2021-07-11	TOTAL	564	533545	19144	19091071
128	2021-07-12	TOTAL	779	534324	19211	19110282
128	2021-07-13	TOTAL	1658	535982	48551	19158833
128	2021-07-14	TOTAL	1535	537517	56089	19214922
128	2021-07-15	TOTAL	1609	539126	54382	19269304
128	2021-07-16	TOTAL	1389	540515	42903	19312207
128	2021-07-17	TOTAL	1271	541786	49029	19361236
129	2021-07-18	TOTAL	481	542267	16742	19377978
129	2021-07-19	TOTAL	668	542935	16743	19394721
129	2021-07-20	TOTAL	1379	544314	31134	19425855
129	2021-07-21	TOTAL	1400	545714	55828	19481683
129	2021-07-22	TOTAL	1430	547144	48673	19530356
129	2021-07-23	TOTAL	1291	548435	107104	19637460
129	2021-07-24	TOTAL	1080	549515	34647	19672107
130	2021-07-25	TOTAL	479	549994	18255	19690362
130	2021-07-26	TOTAL	625	550619	21433	19711795
130	2021-07-27	TOTAL	1289	551908	43583	19755378
130	2021-07-28	TOTAL	1372	553280	47040	19802418
130	2021-07-29	TOTAL	1340	554620	41316	19843734
130	2021-07-30	TOTAL	883	555503	40365	19884099
130	2021-07-31	TOTAL	949	556452	35083	19919182
131	2021-08-01	TOTAL	415	556867	20352	19939534
131	2021-08-02	TOTAL	544	557411	18861	19958395
131	2021-08-03	TOTAL	1236	558647	32479	19990874
131	2021-08-04	TOTAL	1072	559719	40528	20031402
131	2021-08-05	TOTAL	1126	560845	39479	20070881
131	2021-08-06	TOTAL	957	561802	42662	20113543
131	2021-08-07	TOTAL	999	562801	39530	20153073
132	2021-08-08	TOTAL	389	563190	13893	20166966
132	2021-08-09	TOTAL	507	563697	15533	20182499
132	2021-08-10	TOTAL	1268	564965	35459	20217958
132	2021-08-11	TOTAL	1044	566009	35438	20253396
132	2021-08-12	TOTAL	1016	567025	35851	20289247
132	2021-08-13	TOTAL	892	567917	32991	20322238
132	2021-08-14	TOTAL	912	568829	29296	20351534
133	2021-08-15	TOTAL	389	569218	13766	20365300
133	2021-08-16	TOTAL	410	569628	18175	20383475
133	2021-08-17	TOTAL	1094	570722	38993	20422468
133	2021-08-18	TOTAL	989	571711	40162	20462630
133	2021-08-19	TOTAL	1022	572733	36008	20498638
133	2021-08-20	TOTAL	894	573627	34206	20532844
133	2021-08-21	TOTAL	611	574238	25320	20558164
134	2021-08-22	TOTAL	333	574571	13944	20572108
134	2021-08-23	TOTAL	417	574988	15642	20587750
134	2021-08-24	TOTAL	860	575848	31808	20619558
134	2021-08-25	TOTAL	887	576735	29960	20649518
134	2021-08-26	TOTAL	870	577605	30919	20680437
134	2021-08-27	TOTAL	818	578423	27752	20708189
134	2021-08-28	TOTAL	627	579050	22944	20731133
135	2021-08-29	TOTAL	278	579328	11263	20742396
135	2021-08-30	TOTAL	317	579645	12796	20755192
135	2021-08-31	TOTAL	880	580525	26837	20782029
135	2021-09-01	TOTAL	696	581221	25740	20807769
135	2021-09-02	TOTAL	782	582003	27021	20834790
135	2021-09-03	TOTAL	740	582743	23604	20858394
135	2021-09-04	TOTAL	637	583380	20323	20878717
136	2021-09-05	TOTAL	271	583651	12659	20891376
136	2021-09-06	TOTAL	220	583871	10171	20901547
136	2021-09-07	TOTAL	327	584198	13603	20915150
136	2021-09-08	TOTAL	249	584447	14181	20929331
136	2021-09-09	TOTAL	824	585271	32820	20962151
136	2021-09-10	TOTAL	636	585907	16453	20978604
136	2021-09-11	TOTAL	668	586575	13758	20992362
137	2021-09-12	TOTAL	299	586874	7861	21000223
137	2021-09-13	TOTAL	283	587157	8646	21008869
137	2021-09-14	TOTAL	678	587835	13569	21022438
137	2021-09-15	TOTAL	801	588636	13275	21035713
137	2021-09-16	TOTAL	663	589299	35446	21071159
137	2021-09-17	TOTAL	638	589937	35333	21106492
137	2021-09-18	TOTAL	586	590523	124876	21231368
138	2021-09-19	TOTAL	248	590771	9173	21240541
138	2021-09-20	TOTAL	265	591036	9283	21249824
138	2021-09-21	TOTAL	673	591709	15375	21265199
138	2021-09-22	TOTAL	665	592374	32582	21297781
138	2021-09-23	TOTAL	629	593003	24911	21322692
138	2021-09-24	TOTAL	680	593683	18660	21341352
138	2021-09-25	TOTAL	540	594223	13859	21355211
139	2021-09-26	TOTAL	266	594489	8856	21364067
139	2021-09-27	TOTAL	194	594683	9337	21373404
139	2021-09-28	TOTAL	817	595500	16877	21390281
139	2021-09-29	TOTAL	681	596181	16883	21407164
139	2021-09-30	TOTAL	608	596789	21948	21429112
139	2021-10-01	TOTAL	490	597279	18051	21447163
139	2021-10-02	TOTAL	454	597733	12386	21459549
140	2021-10-03	TOTAL	226	597959	9153	21468702
140	2021-10-04	TOTAL	204	598163	11517	21480219
140	2021-10-05	TOTAL	684	598847	22137	21502356
140	2021-10-06	TOTAL	570	599417	18543	21520899
140	2021-10-07	TOTAL	427	599844	14610	21535509
140	2021-10-08	TOTAL	630	600474	18531	21554040
140	2021-10-09	TOTAL	416	600890	14803	21568843
141	2021-10-10	TOTAL	151	601041	8412	21577255
141	2021-10-11	TOTAL	207	601248	6992	21584247
141	2021-10-12	TOTAL	175	601423	7355	21591602
141	2021-10-13	TOTAL	205	601628	8367	21599969
141	2021-10-14	TOTAL	571	602199	15224	21615193
141	2021-10-15	TOTAL	507	602706	14290	21629483
141	2021-10-16	TOTAL	465	603171	9759	21639242
142	2021-10-17	TOTAL	128	603299	6185	21645427
142	2021-10-18	TOTAL	202	603501	9316	21654743
142	2021-10-19	TOTAL	379	603880	13227	21667970
142	2021-10-20	TOTAL	398	604278	15705	21683675
142	2021-10-21	TOTAL	466	604744	16983	21700658
142	2021-10-22	TOTAL	447	605191	13395	21714053
142	2021-10-23	TOTAL	350	605541	11905	21725958
143	2021-10-24	TOTAL	119	605660	4536	21730494
143	2021-10-25	TOTAL	207	605867	7825	21738319
143	2021-10-26	TOTAL	403	606270	13343	21751662
143	2021-10-27	TOTAL	435	606705	17116	21768778
143	2021-10-28	TOTAL	373	607078	13685	21782463
143	2021-10-29	TOTAL	408	607486	12679	21795142
143	2021-10-30	TOTAL	216	607702	10012	21805154
144	2021-10-31	TOTAL	133	607835	6130	21811284
144	2021-11-01	TOTAL	103	607938	4625	21815909
144	2021-11-02	TOTAL	152	608090	5918	21821827
144	2021-11-03	TOTAL	190	608280	16300	21838127
144	2021-11-04	TOTAL	434	608714	13246	21851373
144	2021-11-05	TOTAL	382	609096	12991	21864364
144	2021-11-06	TOTAL	303	609399	11173	21875537
145	2021-11-07	TOTAL	70	609469	5661	21881198
145	2021-11-08	TOTAL	120	609589	6875	21888073
145	2021-11-09	TOTAL	208	609797	11809	21899882
145	2021-11-10	TOTAL	268	610065	14980	21914862
145	2021-11-11	TOTAL	240	610305	15538	21930400
145	2021-11-12	TOTAL	621	610926	14596	21944996
145	2021-11-13	TOTAL	307	611233	9358	21954354
146	2021-11-14	TOTAL	65	611298	4301	21958655
146	2021-11-15	TOTAL	70	611368	2743	21961398
146	2021-11-16	TOTAL	142	611510	6564	21967962
146	2021-11-17	TOTAL	377	611887	13112	21981074
146	2021-11-18	TOTAL	272	612159	11401	21992475
146	2021-11-19	TOTAL	236	612395	12371	22004846
146	2021-11-20	TOTAL	208	612603	8216	22013062
147	2021-11-21	TOTAL	96	612699	5088	22018150
147	2021-11-22	TOTAL	126	612825	4609	22022759
147	2021-11-23	TOTAL	294	613119	12426	22035185
147	2021-11-24	TOTAL	270	613389	12245	22047430
147	2021-11-25	TOTAL	288	613677	12275	22059705
147	2021-11-26	TOTAL	305	613982	10871	22070576
147	2021-11-27	TOTAL	227	614209	7869	22078445
148	2021-11-28	TOTAL	80	614289	3536	22081981
148	2021-11-29	TOTAL	118	614407	4489	22086470
148	2021-11-30	TOTAL	326	614733	10299	22096769
148	2021-12-01	TOTAL	268	615001	12265	22109034
148	2021-12-02	TOTAL	196	615197	11928	22120962
148	2021-12-03	TOTAL	234	615431	10620	22131582
148	2021-12-04	TOTAL	146	615577	7406	22138988
149	2021-12-05	TOTAL	71	615648	4692	22143680
149	2021-12-06	TOTAL	132	615780	6015	22149695
149	2021-12-07	TOTAL	261	616041	10133	22159828
149	2021-12-08	TOTAL	239	616280	10132	22169960
149	2021-12-09	TOTAL	199	616479	8751	22178711
149	2021-12-10	TOTAL	228	616707	7063	22185774
149	2021-12-11	TOTAL	53	616760	2684	22188458
150	2021-12-12	TOTAL	82	616842	1615	22190073
150	2021-12-13	TOTAL	45	616887	2770	22192843
150	2021-12-14	TOTAL	113	617000	4372	22197215
150	2021-12-15	TOTAL	298	617298	5075	22202290
150	2021-12-16	TOTAL	123	617421	3659	22205949
150	2021-12-17	TOTAL	198	617619	4360	22210309
150	2021-12-18	TOTAL	138	617757	2381	22212690
151	2021-12-19	TOTAL	55	617812	1458	22214148
151	2021-12-20	TOTAL	83	617895	2638	22216786
151	2021-12-21	TOTAL	71	617966	3730	22220516
151	2021-12-22	TOTAL	149	618115	3422	22223938
151	2021-12-23	TOTAL	128	618243	3717	22227655
151	2021-12-24	TOTAL	164	618407	4028	22231683
151	2021-12-25	TOTAL	47	618454	3222	22234905
152	2021-12-26	TOTAL	25	618479	4962	22239867
152	2021-12-27	TOTAL	80	618559	8114	22247981
152	2021-12-28	TOTAL	170	618729	8635	22256616
152	2021-12-29	TOTAL	116	618845	9549	22266165
152	2021-12-30	TOTAL	148	618993	12875	22279040
152	2021-12-31	TOTAL	86	619079	9595	22288635
152	2022-01-01	TOTAL	32	619111	3544	22292179
201	2022-01-02	TOTAL	41	619152	2446	22294625
201	2022-01-03	TOTAL	72	619224	12299	22306924
201	2022-01-04	TOTAL	182	619406	18944	22325868
201	2022-01-05	TOTAL	127	619533	28401	22354269
201	2022-01-06	TOTAL	174	619707	46665	22400934
201	2022-01-07	TOTAL	146	619853	53348	22454282
201	2022-01-08	TOTAL	96	619949	48754	22503036
202	2022-01-09	TOTAL	49	619998	24437	22527473
202	2022-01-10	TOTAL	119	620117	34675	22562148
202	2022-01-11	TOTAL	135	620252	73960	22636108
202	2022-01-12	TOTAL	139	620391	89046	22725154
202	2022-01-13	TOTAL	196	620587	97228	22822382
202	2022-01-14	TOTAL	231	620818	108666	22931048
202	2022-01-15	TOTAL	164	620982	47948	22978996
203	2022-01-16	TOTAL	99	621081	34468	23013464
203	2022-01-17	TOTAL	166	621247	77181	23090645
203	2022-01-18	TOTAL	312	621559	133249	23223894
203	2022-01-19	TOTAL	322	621881	203716	23427610
203	2022-01-20	TOTAL	352	622233	169885	23597495
203	2022-01-21	TOTAL	398	622631	172596	23770091
203	2022-01-22	TOTAL	310	622941	162397	23932488
204	2022-01-23	TOTAL	191	623132	120300	24052788
204	2022-01-24	TOTAL	270	623402	93749	24146537
204	2022-01-25	TOTAL	485	623887	201679	24348216
204	2022-01-26	TOTAL	603	624490	218903	24567119
204	2022-01-27	TOTAL	683	625173	230283	24797402
204	2022-01-28	TOTAL	763	625936	259449	25056851
204	2022-01-29	TOTAL	694	626630	200030	25256881
205	2022-01-30	TOTAL	274	626904	103379	25360260
205	2022-01-31	TOTAL	482	627386	109380	25469640
205	2022-02-01	TOTAL	750	628136	168059	25637699
205	2022-02-02	TOTAL	940	629076	188478	25826177
205	2022-02-03	TOTAL	997	630073	285396	26111573
205	2022-02-04	TOTAL	968	631041	219433	26331006
205	2022-02-05	TOTAL	804	631845	151143	26482149
206	2022-02-06	TOTAL	447	632292	63437	26545586
206	2022-02-07	TOTAL	415	632707	72228	26617814
206	2022-02-08	TOTAL	1197	633904	180552	26798366
206	2022-02-09	TOTAL	1287	635191	177366	26975732
206	2022-02-10	TOTAL	925	636116	164157	27139889
206	2022-02-11	TOTAL	1116	637232	161750	27301639
206	2022-02-12	TOTAL	866	638098	133158	27434797
207	2022-02-13	TOTAL	342	638440	55623	27490420
207	2022-02-14	TOTAL	493	638933	64760	27555180
207	2022-02-15	TOTAL	915	639848	123801	27678981
207	2022-02-16	TOTAL	1033	640881	144219	27823200
207	2022-02-17	TOTAL	1108	641989	129525	27952725
207	2022-02-18	TOTAL	1118	643107	120132	28072857
207	2022-02-19	TOTAL	836	643943	103715	28176572
208	2022-02-20	TOTAL	399	644342	38641	28215213
208	2022-02-21	TOTAL	343	644685	43843	28259056
208	2022-02-22	TOTAL	804	645489	102562	28361618
208	2022-02-23	TOTAL	985	646474	130812	28492430
208	2022-02-24	TOTAL	983	647457	96440	28588870
208	2022-02-25	TOTAL	798	648255	88790	28677660
208	2022-02-26	TOTAL	708	648963	72842	28750502
209	2022-02-27	TOTAL	215	649178	22137	28772639
209	2022-02-28	TOTAL	238	649416	19952	28792591
209	2022-03-01	TOTAL	278	649694	22415	28815006
209	2022-03-02	TOTAL	346	650040	30135	28845141
209	2022-03-03	TOTAL	587	650627	65544	28910685
209	2022-03-04	TOTAL	694	651321	70259	28980944
209	2022-03-05	TOTAL	633	651954	55130	29036074
210	2022-03-06	TOTAL	214	652168	16161	29052235
210	2022-03-07	TOTAL	220	652388	21854	29074089
210	2022-03-08	TOTAL	492	652880	75132	29149221
210	2022-03-09	TOTAL	678	653558	50348	29199569
210	2022-03-10	TOTAL	565	654123	57006	29256575
210	2022-03-11	TOTAL	456	654579	53422	29309997
210	2022-03-12	TOTAL	384	654963	45788	29355785
211	2022-03-13	TOTAL	138	655101	14553	29370338
211	2022-03-14	TOTAL	185	655286	16841	29387179
211	2022-03-15	TOTAL	328	655614	50167	29437346
211	2022-03-16	TOTAL	356	655970	50575	29487921
211	2022-03-17	TOTAL	477	656447	45541	29533462
211	2022-03-18	TOTAL	382	656829	47972	29581434
211	2022-03-19	TOTAL	285	657114	38188	29619622
212	2022-03-20	TOTAL	106	657220	13062	29632684
212	2022-03-21	TOTAL	102	657322	13412	29646096
212	2022-03-22	TOTAL	411	657733	41398	29687494
212	2022-03-23	TOTAL	283	658016	46247	29733741
212	2022-03-24	TOTAL	308	658324	37278	29771019
212	2022-03-25	TOTAL	257	658581	33996	29805015
212	2022-03-26	TOTAL	192	658773	28303	29833318
213	2022-03-27	TOTAL	107	658880	9937	29843255
213	2022-03-28	TOTAL	76	658956	9086	29852341
213	2022-03-29	TOTAL	285	659241	30056	29882397
213	2022-03-30	TOTAL	263	659504	33937	29916334
213	2022-03-31	TOTAL	253	659757	31561	29947895
213	2022-04-01	TOTAL	245	660002	27270	29975165
213	2022-04-02	TOTAL	106	660108	17062	29992227
214	2022-04-03	TOTAL	39	660147	7210	29999437
214	2022-04-04	TOTAL	165	660312	13361	30012798
214	2022-04-05	TOTAL	216	660528	27331	30040129
214	2022-04-06	TOTAL	195	660723	27120	30067249
214	2022-04-07	TOTAL	250	660973	26502	30093751
214	2022-04-08	TOTAL	149	661122	30212	30123963
214	2022-04-09	TOTAL	98	661220	21229	30145192
215	2022-04-10	TOTAL	38	661258	7210	30152402
215	2022-04-11	TOTAL	69	661327	8803	30161205
215	2022-04-12	TOTAL	166	661493	22724	30183929
215	2022-04-13	TOTAL	163	661656	26924	30210853
215	2022-04-14	TOTAL	140	661796	23171	30234024
215	2022-04-15	TOTAL	111	661907	13278	30247302
215	2022-04-16	TOTAL	31	661938	2775	30250077
216	2022-04-17	TOTAL	22	661960	2541	30252618
216	2022-04-18	TOTAL	66	662026	8470	30261088
216	2022-04-19	TOTAL	125	662151	14131	30275219
216	2022-04-20	TOTAL	263	662414	36750	30311969
216	2022-04-21	TOTAL	92	662506	18660	30330629
216	2022-04-22	TOTAL	51	662557	8068	30338697
216	2022-04-23	TOTAL	53	662610	6957	30345654
217	2022-04-24	TOTAL	36	662646	3809	30349463
217	2022-04-25	TOTAL	76	662722	6456	30355919
217	2022-04-26	TOTAL	144	662866	22142	30378061
217	2022-04-27	TOTAL	245	663111	20943	30399004
217	2022-04-28	TOTAL	114	663225	19916	30418920
217	2022-04-29	TOTAL	185	663410	14122	30433042
217	2022-04-30	TOTAL	87	663497	15194	30448236

